function data()
return {
	times = { 0, 41.667, 83.333, 125, 166.667, 208.333, 250, 291.667, 333.333, 375, 416.667, 458.333, 500, 541.667, 583.333, 625, 666.667, 708.333, 750, 791.667, 833.333, 2500, },
	transfs = {
		{ 1, 0, 0, 0, 0, 1, 0, 0, 0, 0, 1, 0, 0, 0, 0, 1, },
		{ 0.99995303153992, -0.0096918269991875, 0, 0, 0.0096918269991875, 0.99995303153992, 0, 0, 0, 0, 1, 0, 0, 0, 0, 1, },
		{ 0.9992995262146, -0.037422351539135, 0, 0, 0.037422351539135, 0.9992995262146, 0, 0, 0, 0, 1, 0, 0, 0, 0, 1, },
		{ 0.9967041015625, -0.08112283796072, 0, 0, 0.08112283796072, 0.9967041015625, 0, 0, 0, 0, 1, 0, 0, 0, 0, 1, },
		{ 0.99035090208054, -0.13858225941658, 0, 0, 0.13858225941658, 0.99035090208054, 0, 0, 0, 0, 1, 0, 0, 0, 0, 1, },
		{ 0.9782640337944, -0.20736315846443, 0, 0, 0.20736315846443, 0.9782640337944, 0, 0, 0, 0, 1, 0, 0, 0, 0, 1, },
		{ 0.95859932899475, -0.2847580909729, 0, 0, 0.2847580909729, 0.95859932899475, 0, 0, 0, 0, 1, 0, 0, 0, 0, 1, },
		{ 0.92990183830261, -0.36780762672424, 0, 0, 0.36780762672424, 0.92990183830261, 0, 0, 0, 0, 1, 0, 0, 0, 0, 1, },
		{ 0.8913134932518, -0.4533873796463, 0, 0, 0.4533873796463, 0.8913134932518, 0, 0, 0, 0, 1, 0, 0, 0, 0, 1, },
		{ 0.84271776676178, -0.53835564851761, 0, 0, 0.53835564851761, 0.84271776676178, 0, 0, 0, 0, 1, 0, 0, 0, 0, 1, },
		{ 0.78480672836304, -0.61974060535431, 0, 0, 0.61974060535431, 0.78480672836304, 0, 0, 0, 0, 1, 0, 0, 0, 0, 1, },
		{ 0.71906542778015, -0.6949422955513, 0, 0, 0.6949422955513, 0.71906542778015, 0, 0, 0, 0, 1, 0, 0, 0, 0, 1, },
		{ 0.64767903089523, -0.76191329956055, 0, 0, 0.76191329956055, 0.64767903089523, 0, 0, 0, 0, 1, 0, 0, 0, 0, 1, },
		{ 0.57337749004364, -0.81929135322571, 0, 0, 0.81929135322571, 0.57337749004364, 0, 0, 0, 0, 1, 0, 0, 0, 0, 1, },
		{ 0.49924394488335, -0.86646145582199, 0, 0, 0.86646145582199, 0.49924394488335, 0, 0, 0, 0, 1, 0, 0, 0, 0, 1, },
		{ 0.42851710319519, -0.90353357791901, 0, 0, 0.90353357791901, 0.42851710319519, 0, 0, 0, 0, 1, 0, 0, 0, 0, 1, },
		{ 0.364412099123, -0.93123781681061, 0, 0, 0.93123781681061, 0.364412099123, 0, 0, 0, 0, 1, 0, 0, 0, 0, 1, },
		{ 0.30999109148979, -0.95073944330215, 0, 0, 0.95073944330215, 0.30999109148979, 0, 0, 0, 0, 1, 0, 0, 0, 0, 1, },
		{ 0.26808297634125, -0.96339583396912, 0, 0, 0.96339583396912, 0.26808297634125, 0, 0, 0, 0, 1, 0, 0, 0, 0, 1, },
		{ 0.24125993251801, -0.97046047449112, 0, 0, 0.97046047449112, 0.24125993251801, 0, 0, 0, 0, 1, 0, 0, 0, 0, 1, },
		{ 0.23184299468994, -0.97275322675705, 0, 0, 0.97275322675705, 0.23184299468994, 0, 0, 0, 0, 1, 0, 0, 0, 0, 1, },
		{ 0.23184299468994, -0.97275322675705, 0, 0, 0.97275322675705, 0.23184299468994, 0, 0, 0, 0, 1, 0, 0, 0, 0, 1, },
	},
}
end
